0 35 40 55 20 30 15 45 50 25 105 105 105 105 105 105 105 105 105 105 75 70 75 75 80 80 85 75 80 80 105 105 105 105 105 105 105 105 105 105 105 105 105 105 105 105 105 105 105 105
35 0 15 30 20 15 25 25 25 25 120 120 120 120 120 120 120 120 120 120 75 70 70 70 85 80 85 80 80 80 115 115 115 115 115 115 115 120 115 115 120 120 120 120 120 120 120 120 120 120
40 15 0 20 25 15 30 25 25 30 120 120 120 120 120 120 120 120 120 120 75 70 75 75 80 80 85 75 80 80 120 120 120 120 120 120 120 120 120 120 120 120 120 120 120 120 120 120 120 120
55 30 20 0 45 35 45 25 25 45 130 130 130 130 130 130 130 130 130 130 70 70 75 75 80 80 85 80 80 80 130 130 130 130 130 130 130 130 130 130 130 130 130 130 130 130 130 130 130 130
20 20 25 45 0 20 20 30 40 20 110 110 110 110 110 110 110 110 110 110 75 70 75 70 80 80 80 75 80 75 110 110 110 110 110 110 110 110 110 110 110 110 110 110 110 110 110 110 110 110
30 15 15 35 20 0 15 25 30 25 115 115 115 115 115 115 115 115 115 115 70 65 75 75 80 75 80 75 75 80 115 115 115 115 115 115 115 115 115 115 115 115 115 115 115 115 115 115 115 115
15 25 30 45 20 15 0 30 40 25 110 110 110 110 110 110 110 110 110 110 75 70 75 75 80 80 85 80 80 80 110 110 110 110 110 110 110 110 110 110 110 110 110 110 110 110 110 110 110 110
45 25 25 25 30 25 30 0 20 35 125 125 125 125 125 125 125 125 125 125 70 70 75 70 80 80 80 75 75 80 125 125 125 125 125 125 125 125 125 125 125 125 125 125 125 125 125 125 125 125
50 25 25 25 40 30 40 20 0 45 125 125 125 125 125 125 125 125 125 125 70 70 70 70 80 75 80 70 80 75 125 125 125 125 125 125 125 125 125 125 125 125 125 125 125 125 125 125 125 125
25 25 30 45 20 25 25 35 45 0 110 110 110 110 110 110 110 110 110 110 70 65 70 65 80 75 75 65 75 65 110 110 110 110 110 110 110 110 110 110 110 110 110 110 110 110 110 110 110 110
105 120 120 130 110 115 110 125 125 110 0 20 25 20 25 25 20 25 20 25 125 125 120 125 130 125 125 125 125 125 70 65 60 65 60 65 65 60 65 65 25 25 25 25 25 25 25 25 25 25
105 120 120 130 110 115 110 125 125 110 20 0 20 15 20 25 20 20 20 20 125 125 120 125 130 125 125 125 125 125 70 65 60 65 60 65 65 60 65 65 25 25 25 25 25 25 25 25 25 25
105 120 120 130 110 115 110 125 125 110 25 20 0 20 25 25 20 25 20 20 125 125 120 125 130 125 125 125 125 125 70 65 60 65 60 65 65 60 65 65 30 30 30 30 30 30 30 30 30 30
105 120 120 130 110 115 110 125 125 110 20 15 20 0 20 25 20 20 20 20 125 125 120 125 130 125 125 125 125 125 70 65 60 65 65 65 70 60 65 65 25 25 25 25 25 25 25 25 25 25
105 120 120 130 110 115 110 125 125 110 25 20 25 20 0 20 20 20 20 20 125 125 120 125 130 125 125 125 125 125 70 65 60 65 60 65 70 60 60 65 30 30 30 30 30 30 30 30 30 30
105 120 120 130 110 115 110 125 125 110 25 25 25 25 20 0 25 20 25 20 125 125 120 125 130 125 125 125 125 125 70 65 55 65 60 60 65 60 60 65 35 35 35 35 35 35 35 35 35 35
105 120 120 130 110 115 110 125 125 110 20 20 20 20 20 25 0 25 20 20 125 125 120 125 130 125 125 125 125 125 70 65 60 65 60 65 65 60 65 65 30 30 30 30 30 30 30 30 30 30
105 120 120 130 110 115 110 125 125 110 25 20 25 20 20 20 25 0 20 20 125 125 120 125 130 125 125 125 125 125 65 65 60 65 65 65 70 60 65 65 30 30 30 30 30 30 30 30 30 30
105 120 120 130 110 115 110 125 125 110 20 20 20 20 20 25 20 20 0 20 125 125 120 125 130 125 125 125 125 125 70 65 60 65 60 65 70 60 65 65 25 25 25 25 25 25 25 25 25 25
105 120 120 130 110 115 110 125 125 110 25 20 20 20 20 20 20 20 20 0 125 125 120 125 130 125 125 125 125 125 70 60 55 65 65 60 65 60 60 65 30 30 30 30 30 30 30 30 30 30
75 75 75 70 75 70 75 70 70 70 125 125 125 125 125 125 125 125 125 125 0 50 35 35 40 40 35 40 35 40 120 120 120 120 120 120 120 120 120 120 125 125 125 125 125 125 125 125 125 125
70 70 70 70 70 65 70 70 70 65 125 125 125 125 125 125 125 125 125 125 50 0 35 35 45 40 55 45 45 40 115 120 125 120 120 120 120 125 120 120 125 125 125 125 125 125 125 125 125 125
75 70 75 75 75 75 75 75 70 70 120 120 120 120 120 120 120 120 120 120 35 35 0 35 40 35 40 40 40 40 120 120 120 120 120 120 120 120 120 120 120 120 120 120 120 120 120 120 120 120
75 70 75 75 70 75 75 70 70 65 125 125 125 125 125 125 125 125 125 125 35 35 35 0 35 35 35 35 35 40 120 120 120 120 120 120 120 120 120 120 125 125 125 125 125 125 125 125 125 125
80 85 80 80 80 80 80 80 80 80 130 130 130 130 130 130 130 130 130 130 40 45 40 35 0 35 35 35 30 40 120 120 120 120 120 120 120 120 120 120 130 130 130 130 130 130 130 130 130 130
80 80 80 80 80 75 80 80 75 75 125 125 125 125 125 125 125 125 125 125 40 40 35 35 35 0 35 40 40 40 120 120 120 120 120 120 120 120 120 120 125 125 125 125 125 125 125 125 125 125
85 85 85 85 80 80 85 80 80 75 125 125 125 125 125 125 125 125 125 125 35 55 40 35 35 35 0 40 35 40 120 120 120 120 120 120 120 120 120 120 125 125 125 125 125 125 125 125 125 125
75 80 75 80 75 75 80 75 70 65 125 125 125 125 125 125 125 125 125 125 40 45 40 35 35 40 40 0 40 40 120 120 120 120 120 120 115 120 120 120 125 125 125 125 125 125 125 125 125 125
80 80 80 80 80 75 80 75 80 75 125 125 125 125 125 125 125 125 125 125 35 45 40 35 30 40 35 40 0 40 120 120 120 120 120 120 120 120 120 120 125 125 125 125 125 125 125 125 125 125
80 80 80 80 75 80 80 80 75 65 125 125 125 125 125 125 125 125 125 125 40 40 40 40 40 40 40 40 40 0 125 125 125 125 125 125 125 125 125 125 125 125 125 125 125 125 125 125 125 125
105 115 120 130 110 115 110 125 125 110 70 70 70 70 70 70 70 65 70 70 120 115 120 120 120 120 120 120 120 125 0 25 25 30 25 25 25 25 25 25 70 70 70 70 70 70 70 70 70 70
105 115 120 130 110 115 110 125 125 110 65 65 65 65 65 65 65 65 65 60 120 120 120 120 120 120 120 120 120 125 25 0 30 25 20 25 25 25 25 30 65 65 65 65 65 65 65 65 65 65
105 115 120 130 110 115 110 125 125 110 60 60 60 60 60 55 60 60 60 55 120 125 120 120 120 120 120 120 120 125 25 30 0 30 30 25 25 30 30 30 60 60 60 60 60 60 60 60 60 60
105 115 120 130 110 115 110 125 125 110 65 65 65 65 65 65 65 65 65 65 120 120 120 120 120 120 120 120 120 125 30 25 30 0 25 25 40 30 25 25 65 65 65 65 65 65 65 65 65 65
105 115 120 130 110 115 110 125 125 110 60 60 60 65 60 60 60 65 60 65 120 120 120 120 120 120 120 120 120 125 25 20 30 25 0 25 30 30 20 30 65 65 65 65 65 65 65 65 65 65
105 115 120 130 110 115 110 125 125 110 65 65 65 65 65 60 65 65 65 60 120 120 120 120 120 120 120 120 120 125 25 25 25 25 25 0 25 25 25 25 65 65 65 65 65 65 65 65 65 65
105 115 120 130 110 115 110 125 125 110 65 65 65 70 70 65 65 70 70 65 120 120 120 120 120 120 120 115 120 125 25 25 25 40 30 25 0 30 25 30 70 70 70 70 70 70 70 70 70 70
105 120 120 130 110 115 110 125 125 110 60 60 60 60 60 60 60 60 60 60 120 125 120 120 120 120 120 120 120 125 25 25 30 30 30 25 30 0 25 30 60 60 60 60 60 60 60 60 60 60
105 115 120 130 110 115 110 125 125 110 65 65 65 65 60 60 65 65 65 60 120 120 120 120 120 120 120 120 120 125 25 25 30 25 20 25 25 25 0 30 65 65 65 65 65 65 65 65 65 65
105 115 120 130 110 115 110 125 125 110 65 65 65 65 65 65 65 65 65 65 120 120 120 120 120 120 120 120 120 125 25 30 30 25 30 25 30 30 30 0 65 65 65 65 65 65 65 65 65 65
105 120 120 130 110 115 110 125 125 110 25 25 30 25 30 35 30 30 25 30 125 125 120 125 130 125 125 125 125 125 70 65 60 65 65 65 70 60 65 65 0 5 5 5 5 5 5 5 5 5
105 120 120 130 110 115 110 125 125 110 25 25 30 25 30 35 30 30 25 30 125 125 120 125 130 125 125 125 125 125 70 65 60 65 65 65 70 60 65 65 5 0 5 5 5 5 5 5 5 5
105 120 120 130 110 115 110 125 125 110 25 25 30 25 30 35 30 30 25 30 125 125 120 125 130 125 125 125 125 125 70 65 60 65 65 65 70 60 65 65 5 5 0 5 5 5 5 5 5 5
105 120 120 130 110 115 110 125 125 110 25 25 30 25 30 35 30 30 25 30 125 125 120 125 130 125 125 125 125 125 70 65 60 65 65 65 70 60 65 65 5 5 5 0 5 5 5 5 5 5
105 120 120 130 110 115 110 125 125 110 25 25 30 25 30 35 30 30 25 30 125 125 120 125 130 125 125 125 125 125 70 65 60 65 65 65 70 60 65 65 5 5 5 5 0 5 5 5 5 5
105 120 120 130 110 115 110 125 125 110 25 25 30 25 30 35 30 30 25 30 125 125 120 125 130 125 125 125 125 125 70 65 60 65 65 65 70 60 65 65 5 5 5 5 5 0 5 5 5 5
105 120 120 130 110 115 110 125 125 110 25 25 30 25 30 35 30 30 25 30 125 125 120 125 130 125 125 125 125 125 70 65 60 65 65 65 70 60 65 65 5 5 5 5 5 5 0 5 5 5
105 120 120 130 110 115 110 125 125 110 25 25 30 25 30 35 30 30 25 30 125 125 120 125 130 125 125 125 125 125 70 65 60 65 65 65 70 60 65 65 5 5 5 5 5 5 5 0 5 5
105 120 120 130 110 115 110 125 125 110 25 25 30 25 30 35 30 30 25 30 125 125 120 125 130 125 125 125 125 125 70 65 60 65 65 65 70 60 65 65 5 5 5 5 5 5 5 5 0 5
105 120 120 130 110 115 110 125 125 110 25 25 30 25 30 35 30 30 25 30 125 125 120 125 130 125 125 125 125 125 70 65 60 65 65 65 70 60 65 65 5 5 5 5 5 5 5 5 5 0
