0 10 15 15 15 15 10 15 15 20 50 50 50 50 50 50 50 50 50 50 30 30 30 30 30 30 30 35 30 30 50 45 50 45 40 50 45 50 50 45 50 50 50 50 50 50 50 50 50 50
10 0 5 10 15 10 10 15 15 20 50 50 50 50 50 50 50 50 50 50 30 30 30 30 30 30 30 35 30 30 50 45 50 45 45 50 45 50 50 45 50 50 50 50 50 50 50 50 50 50
15 5 0 5 15 10 10 15 15 20 50 50 50 50 50 50 50 50 50 50 30 30 30 30 30 30 30 30 30 30 50 45 50 45 45 50 45 50 50 45 50 50 50 50 50 50 50 50 50 50
15 10 5 0 15 10 10 15 15 20 50 50 50 50 50 50 50 50 50 50 30 30 30 30 30 30 30 35 30 30 50 45 50 45 45 50 45 50 50 45 50 50 50 50 50 50 50 50 50 50
15 15 15 15 0 15 15 15 15 20 50 50 50 50 50 50 50 50 50 50 25 30 30 30 30 30 30 30 30 30 50 45 50 45 45 50 45 50 50 45 50 50 50 50 50 50 50 50 50 50
15 10 10 10 15 0 10 15 10 15 50 50 50 50 50 50 50 50 50 50 30 30 30 30 30 30 30 30 30 30 50 45 50 45 45 50 45 50 50 45 50 50 50 50 50 50 50 50 50 50
10 10 10 10 15 10 0 15 10 15 50 50 50 50 50 50 50 50 50 50 30 30 30 30 30 30 30 30 30 30 50 45 50 45 45 50 45 50 50 45 50 50 50 50 50 50 50 50 50 50
15 15 15 15 15 15 15 0 10 20 50 50 50 50 50 50 50 50 50 50 30 30 30 30 30 30 30 35 30 30 50 45 50 45 45 50 45 50 50 45 50 50 50 50 50 50 50 50 50 50
15 15 15 15 15 10 10 10 0 20 50 50 50 50 50 50 50 50 50 50 30 30 30 30 30 30 30 30 30 30 50 45 50 45 45 50 45 50 50 45 50 50 50 50 50 50 50 50 50 50
20 20 20 20 20 15 15 20 20 0 50 50 50 50 50 50 50 50 50 50 30 30 30 30 30 30 30 30 30 30 50 45 50 45 45 50 45 50 50 45 50 50 50 50 50 50 50 50 50 50
50 50 50 50 50 50 50 50 50 50 0 10 15 15 10 15 10 10 10 10 50 50 50 50 50 50 50 50 50 50 40 40 35 40 40 40 35 35 40 40 15 15 15 15 15 15 15 15 15 15
50 50 50 50 50 50 50 50 50 50 10 0 15 10 10 10 10 10 10 10 50 50 50 50 50 50 50 50 50 50 40 40 35 40 40 40 35 35 40 40 15 15 15 15 15 15 15 15 15 15
50 50 50 50 50 50 50 50 50 50 15 15 0 15 15 15 10 15 15 15 50 50 50 50 50 50 50 50 50 50 40 40 35 40 40 40 35 35 40 40 15 15 15 15 15 15 15 15 15 15
50 50 50 50 50 50 50 50 50 50 15 10 15 0 15 10 10 15 10 10 50 50 50 50 50 50 50 50 50 50 40 40 35 40 40 40 35 35 40 40 15 15 15 15 15 15 15 15 15 15
50 50 50 50 50 50 50 50 50 50 10 10 15 15 0 15 15 10 10 15 50 50 50 50 50 50 50 50 50 50 40 40 35 40 40 40 35 35 40 40 15 15 15 15 15 15 15 15 15 15
50 50 50 50 50 50 50 50 50 50 15 10 15 10 15 0 10 15 10 10 50 50 50 50 50 50 50 50 50 50 40 40 35 40 40 40 35 35 40 40 15 15 15 15 15 15 15 15 15 15
50 50 50 50 50 50 50 50 50 50 10 10 10 10 15 10 0 15 10 15 50 50 50 50 50 50 50 50 50 50 40 40 35 40 40 40 35 35 40 40 15 15 15 15 15 15 15 15 15 15
50 50 50 50 50 50 50 50 50 50 10 10 15 15 10 15 15 0 10 15 50 50 50 50 50 50 50 50 50 50 40 40 35 40 40 40 35 35 40 40 10 10 10 10 10 10 10 10 10 10
50 50 50 50 50 50 50 50 50 50 10 10 15 10 10 10 10 10 0 10 50 50 50 50 50 50 50 50 50 50 40 40 35 40 40 40 35 35 40 40 15 15 15 15 15 15 15 15 15 15
50 50 50 50 50 50 50 50 50 50 10 10 15 10 15 10 15 15 10 0 50 50 50 50 50 50 50 50 50 50 40 40 35 40 40 40 35 35 40 40 15 15 15 15 15 15 15 15 15 15
30 30 30 30 25 30 30 30 30 30 50 50 50 50 50 50 50 50 50 50 0 20 20 20 20 20 20 20 20 20 50 45 50 45 45 50 45 50 50 45 50 50 50 50 50 50 50 50 50 50
30 30 30 30 30 30 30 30 30 30 50 50 50 50 50 50 50 50 50 50 20 0 20 20 20 20 20 20 20 20 50 45 50 45 45 50 45 50 50 45 50 50 50 50 50 50 50 50 50 50
30 30 30 30 30 30 30 30 30 30 50 50 50 50 50 50 50 50 50 50 20 20 0 20 20 20 20 20 20 20 50 45 50 45 45 50 45 50 50 45 50 50 50 50 50 50 50 50 50 50
30 30 30 30 30 30 30 30 30 30 50 50 50 50 50 50 50 50 50 50 20 20 20 0 20 20 20 20 20 20 45 45 50 45 45 45 45 50 45 45 50 50 50 50 50 50 50 50 50 50
30 30 30 30 30 30 30 30 30 30 50 50 50 50 50 50 50 50 50 50 20 20 20 20 0 20 20 25 20 20 50 45 50 45 45 50 45 50 50 45 50 50 50 50 50 50 50 50 50 50
30 30 30 30 30 30 30 30 30 30 50 50 50 50 50 50 50 50 50 50 20 20 20 20 20 0 20 25 20 20 45 45 50 45 45 45 45 50 45 45 50 50 50 50 50 50 50 50 50 50
30 30 30 30 30 30 30 30 30 30 50 50 50 50 50 50 50 50 50 50 20 20 20 20 20 20 0 25 20 20 50 45 50 45 40 50 45 50 50 45 50 50 50 50 50 50 50 50 50 50
35 35 30 35 30 30 30 35 30 30 50 50 50 50 50 50 50 50 50 50 20 20 20 20 25 25 25 0 20 20 50 45 50 45 45 50 45 50 50 45 50 50 50 50 50 50 50 50 50 50
30 30 30 30 30 30 30 30 30 30 50 50 50 50 50 50 50 50 50 50 20 20 20 20 20 20 20 20 0 20 50 45 50 45 45 50 45 50 50 45 50 50 50 50 50 50 50 50 50 50
30 30 30 30 30 30 30 30 30 30 50 50 50 50 50 50 50 50 50 50 20 20 20 20 20 20 20 20 20 0 50 45 50 45 45 50 45 50 50 45 50 50 50 50 50 50 50 50 50 50
50 50 50 50 50 50 50 50 50 50 40 40 40 40 40 40 40 40 40 40 50 50 50 45 50 45 50 50 50 50 0 15 15 15 15 15 15 15 15 15 40 40 40 40 40 40 40 40 40 40
45 45 45 45 45 45 45 45 45 45 40 40 40 40 40 40 40 40 40 40 45 45 45 45 45 45 45 45 45 45 15 0 15 15 15 15 15 15 15 15 40 40 40 40 40 40 40 40 40 40
50 50 50 50 50 50 50 50 50 50 35 35 35 35 35 35 35 35 35 35 50 50 50 50 50 50 50 50 50 50 15 15 0 15 20 15 15 15 15 20 35 35 35 35 35 35 35 35 35 35
45 45 45 45 45 45 45 45 45 45 40 40 40 40 40 40 40 40 40 40 45 45 45 45 45 45 45 45 45 45 15 15 15 0 20 20 20 20 15 15 40 40 40 40 40 40 40 40 40 40
40 45 45 45 45 45 45 45 45 45 40 40 40 40 40 40 40 40 40 40 45 45 45 45 45 45 40 45 45 45 15 15 20 20 0 15 15 20 15 20 40 40 40 40 40 40 40 40 40 40
50 50 50 50 50 50 50 50 50 50 40 40 40 40 40 40 40 40 40 40 50 50 50 45 50 45 50 50 50 50 15 15 15 20 15 0 15 15 15 15 40 40 40 40 40 40 40 40 40 40
45 45 45 45 45 45 45 45 45 45 35 35 35 35 35 35 35 35 35 35 45 45 45 45 45 45 45 45 45 45 15 15 15 20 15 15 0 15 15 15 35 35 35 35 35 35 35 35 35 35
50 50 50 50 50 50 50 50 50 50 35 35 35 35 35 35 35 35 35 35 50 50 50 50 50 50 50 50 50 50 15 15 15 20 20 15 15 0 15 15 35 35 35 35 35 35 35 35 35 35
50 50 50 50 50 50 50 50 50 50 40 40 40 40 40 40 40 40 40 40 50 50 50 45 50 45 50 50 50 50 15 15 15 15 15 15 15 15 0 15 40 40 40 40 40 40 40 40 40 40
45 45 45 45 45 45 45 45 45 45 40 40 40 40 40 40 40 40 40 40 45 45 45 45 45 45 45 45 45 45 15 15 20 15 20 15 15 15 15 0 40 40 40 40 40 40 40 40 40 40
50 50 50 50 50 50 50 50 50 50 15 15 15 15 15 15 15 10 15 15 50 50 50 50 50 50 50 50 50 50 40 40 35 40 40 40 35 35 40 40 0 0 0 0 0 0 0 0 0 0
50 50 50 50 50 50 50 50 50 50 15 15 15 15 15 15 15 10 15 15 50 50 50 50 50 50 50 50 50 50 40 40 35 40 40 40 35 35 40 40 0 0 0 0 0 0 0 0 0 0
50 50 50 50 50 50 50 50 50 50 15 15 15 15 15 15 15 10 15 15 50 50 50 50 50 50 50 50 50 50 40 40 35 40 40 40 35 35 40 40 0 0 0 0 0 0 0 0 0 0
50 50 50 50 50 50 50 50 50 50 15 15 15 15 15 15 15 10 15 15 50 50 50 50 50 50 50 50 50 50 40 40 35 40 40 40 35 35 40 40 0 0 0 0 0 0 0 0 0 0
50 50 50 50 50 50 50 50 50 50 15 15 15 15 15 15 15 10 15 15 50 50 50 50 50 50 50 50 50 50 40 40 35 40 40 40 35 35 40 40 0 0 0 0 0 0 0 0 0 0
50 50 50 50 50 50 50 50 50 50 15 15 15 15 15 15 15 10 15 15 50 50 50 50 50 50 50 50 50 50 40 40 35 40 40 40 35 35 40 40 0 0 0 0 0 0 0 0 0 0
50 50 50 50 50 50 50 50 50 50 15 15 15 15 15 15 15 10 15 15 50 50 50 50 50 50 50 50 50 50 40 40 35 40 40 40 35 35 40 40 0 0 0 0 0 0 0 0 0 0
50 50 50 50 50 50 50 50 50 50 15 15 15 15 15 15 15 10 15 15 50 50 50 50 50 50 50 50 50 50 40 40 35 40 40 40 35 35 40 40 0 0 0 0 0 0 0 0 0 0
50 50 50 50 50 50 50 50 50 50 15 15 15 15 15 15 15 10 15 15 50 50 50 50 50 50 50 50 50 50 40 40 35 40 40 40 35 35 40 40 0 0 0 0 0 0 0 0 0 0
50 50 50 50 50 50 50 50 50 50 15 15 15 15 15 15 15 10 15 15 50 50 50 50 50 50 50 50 50 50 40 40 35 40 40 40 35 35 40 40 0 0 0 0 0 0 0 0 0 0
