20	22.5	15	17.5	17.5	17.5	17.5	22.5	22.5	30	30	30	30	30	30	30	30	30	30	62.5	57.5	57.5	62.5	57.5	57.5	62.5	65	57.5	60	30	30	30	30	30	30	30	30	30	30	30	30	30	30	30	30	30	30	30	30	
22.5	17.5	15	15	17.5	20	17.5	20	25	25	25	25	25	25	25	25	25	25	65	57.5	57.5	62.5	57.5	57.5	62.5	65	57.5	60	25	25	25	25	25	25	25	25	25	25	25	25	25	25	25	25	25	25	25	25	
15	15	17.5	20	22.5	17.5	17.5	27.5	27.5	27.5	27.5	27.5	27.5	27.5	27.5	27.5	27.5	60	57.5	57.5	57.5	55	55	57.5	60	57.5	57.5	25	25	27.5	25	27.5	27.5	25	25	27.5	25	27.5	27.5	27.5	27.5	27.5	27.5	27.5	27.5	27.5	27.5	
12.5	15	17.5	20	17.5	15	25	25	25	25	25	25	25	25	25	25	65	57.5	57.5	62.5	57.5	57.5	62.5	65	57.5	60	25	25	27.5	25	25	25	25	25	25	25	25	25	25	25	25	25	25	25	25	25	
12.5	12.5	20	17.5	17.5	22.5	22.5	22.5	22.5	22.5	22.5	22.5	22.5	22.5	22.5	65	57.5	57.5	62.5	57.5	57.5	62.5	65	57.5	60	22.5	22.5	27.5	22.5	22.5	22.5	22.5	22.5	22.5	22.5	22.5	22.5	22.5	22.5	22.5	22.5	22.5	22.5	22.5	22.5	
17.5	20	15	17.5	20	20	20	20	20	20	20	20	20	20	65	55	57.5	62.5	55	57.5	62.5	65	57.5	60	20	20	27.5	20	20	20	20	20	20	20	20	20	20	20	20	20	20	20	20	20	
20	17.5	17.5	20	20	20	20	20	20	20	20	20	20	62.5	57.5	57.5	57.5	57.5	57.5	62.5	62.5	57.5	57.5	20	20	27.5	20	20	20	20	20	20	20	20	20	20	20	20	20	20	20	20	20	
20	17.5	27.5	27.5	27.5	27.5	27.5	27.5	27.5	27.5	27.5	27.5	57.5	55	57.5	57.5	55	57.5	62.5	62.5	57.5	55	27.5	27.5	27.5	27.5	27.5	27.5	27.5	27.5	27.5	27.5	27.5	27.5	27.5	27.5	27.5	27.5	27.5	27.5	27.5	27.5	
17.5	22.5	22.5	22.5	22.5	22.5	22.5	22.5	22.5	22.5	22.5	65	57.5	57.5	62.5	57.5	57.5	62.5	65	57.5	60	20	22.5	27.5	22.5	22.5	22.5	22.5	20	22.5	20	22.5	22.5	22.5	22.5	22.5	22.5	22.5	22.5	22.5	22.5	
27.5	27.5	27.5	27.5	27.5	27.5	27.5	27.5	27.5	27.5	62.5	57.5	57.5	62.5	57.5	57.5	62.5	65	57.5	60	27.5	27.5	27.5	27.5	27.5	27.5	27.5	27.5	27.5	27.5	27.5	27.5	27.5	27.5	27.5	27.5	27.5	27.5	27.5	27.5	
7.5	7.5	7.5	10	10	7.5	7.5	10	10	65	57.5	57.5	62.5	57.5	57.5	62.5	65	57.5	60	15	17.5	27.5	17.5	17.5	20	20	17.5	17.5	17.5	10	10	10	10	10	10	10	10	10	10	
10	10	7.5	10	7.5	10	10	10	65	57.5	57.5	62.5	57.5	57.5	62.5	65	57.5	60	15	17.5	27.5	17.5	17.5	20	20	17.5	17.5	17.5	10	10	10	10	10	10	10	10	10	10	
10	10	10	7.5	10	7.5	10	65	57.5	57.5	62.5	57.5	57.5	62.5	65	57.5	60	15	17.5	27.5	17.5	17.5	20	20	17.5	17.5	17.5	7.5	7.5	7.5	7.5	7.5	7.5	7.5	7.5	7.5	7.5	
10	10	10	10	10	10	65	57.5	57.5	62.5	57.5	57.5	62.5	65	57.5	60	15	17.5	27.5	17.5	17.5	20	20	17.5	17.5	17.5	10	10	10	10	10	10	10	10	10	10	
10	7.5	10	10	10	65	57.5	57.5	62.5	57.5	57.5	62.5	65	57.5	60	15	17.5	27.5	17.5	17.5	20	20	17.5	17.5	17.5	10	10	10	10	10	10	10	10	10	10	
10	10	10	10	65	57.5	57.5	62.5	57.5	57.5	62.5	65	57.5	60	15	17.5	27.5	17.5	17.5	20	20	17.5	17.5	17.5	10	10	10	10	10	10	10	10	10	10	
10	10	10	65	57.5	57.5	62.5	57.5	57.5	62.5	65	57.5	60	15	17.5	27.5	17.5	17.5	20	20	17.5	17.5	17.5	10	10	10	10	10	10	10	10	10	10	
10	10	65	57.5	57.5	62.5	57.5	57.5	62.5	65	57.5	60	15	17.5	27.5	17.5	17.5	20	20	17.5	17.5	17.5	10	10	10	10	10	10	10	10	10	10	
10	65	57.5	57.5	62.5	57.5	57.5	62.5	65	57.5	60	15	17.5	27.5	17.5	17.5	20	20	17.5	17.5	17.5	7.5	7.5	7.5	7.5	7.5	7.5	7.5	7.5	7.5	7.5	
65	57.5	57.5	62.5	57.5	57.5	62.5	65	57.5	60	15	17.5	27.5	17.5	17.5	20	20	17.5	17.5	17.5	10	10	10	10	10	10	10	10	10	10	
60	62.5	65	57.5	65	62.5	62.5	65	60	65	65	65	65	65	65	65	65	65	65	65	65	65	65	65	65	65	65	65	65	
57.5	55	55	55	55	57.5	55	60	57.5	57.5	57.5	57.5	57.5	57.5	57.5	57.5	57.5	57.5	57.5	57.5	57.5	57.5	57.5	57.5	57.5	57.5	57.5	57.5	
55	55	52.5	57.5	57.5	52.5	60	57.5	57.5	57.5	57.5	57.5	57.5	57.5	57.5	57.5	57.5	57.5	57.5	57.5	57.5	57.5	57.5	57.5	57.5	57.5	57.5	
52.5	52.5	57.5	55	52.5	60	62.5	62.5	62.5	62.5	62.5	62.5	62.5	62.5	62.5	62.5	62.5	62.5	62.5	62.5	62.5	62.5	62.5	62.5	62.5	62.5	
50	55	62.5	52.5	60	57.5	57.5	57.5	57.5	57.5	57.5	57.5	57.5	57.5	57.5	57.5	57.5	57.5	57.5	57.5	57.5	57.5	57.5	57.5	57.5	
57.5	57.5	52.5	55	57.5	57.5	57.5	57.5	57.5	57.5	57.5	57.5	57.5	57.5	57.5	57.5	57.5	57.5	57.5	57.5	57.5	57.5	57.5	57.5	
57.5	57.5	57.5	62.5	62.5	62.5	62.5	62.5	62.5	62.5	62.5	62.5	62.5	62.5	62.5	62.5	62.5	62.5	62.5	62.5	62.5	62.5	62.5	
60	62.5	65	65	65	65	65	65	65	65	65	65	65	65	65	65	65	65	65	65	65	65	
60	57.5	57.5	57.5	57.5	57.5	57.5	57.5	57.5	57.5	57.5	57.5	57.5	57.5	57.5	57.5	57.5	57.5	57.5	57.5	57.5	
60	60	60	60	60	60	60	60	60	60	60	60	60	60	60	60	60	60	60	60	
17.5	27.5	17.5	17.5	15	17.5	15	17.5	15	15	15	15	15	15	15	15	15	15	15	
25	17.5	17.5	17.5	17.5	15	17.5	17.5	17.5	17.5	17.5	17.5	17.5	17.5	17.5	17.5	17.5	17.5	
25	20	20	22.5	20	22.5	20	27.5	27.5	27.5	27.5	27.5	27.5	27.5	27.5	27.5	27.5	
17.5	17.5	17.5	17.5	17.5	17.5	17.5	17.5	17.5	17.5	17.5	17.5	17.5	17.5	17.5	17.5	
17.5	17.5	17.5	17.5	17.5	17.5	17.5	17.5	17.5	17.5	17.5	17.5	17.5	17.5	17.5	
17.5	17.5	17.5	15	20	20	20	20	20	20	20	20	20	20	
17.5	20	17.5	20	20	20	20	20	20	20	20	20	20	
15	17.5	17.5	17.5	17.5	17.5	17.5	17.5	17.5	17.5	17.5	17.5	
17.5	17.5	17.5	17.5	17.5	17.5	17.5	17.5	17.5	17.5	17.5	
17.5	17.5	17.5	17.5	17.5	17.5	17.5	17.5	17.5	17.5	
2.5	2.5	2.5	2.5	2.5	2.5	2.5	2.5	2.5	
2.5	2.5	2.5	2.5	2.5	2.5	2.5	2.5	
2.5	2.5	2.5	2.5	2.5	2.5	2.5	
2.5	2.5	2.5	2.5	2.5	2.5	
2.5	2.5	2.5	2.5	2.5	
2.5	2.5	2.5	2.5	
2.5	2.5	2.5	
2.5	2.5	
2.5	


